2241
2239
2240
2315
2314
2313
2285
2254
2286
2220
2312
2128
2218
2129
2146
2164
2163
2287
2289
2288
2140
2217
2141
2272
2133
2139
2118
2144
2145
2135
2231
2136
2255
2233
2130
2143
2131
2132
2093
2094
2019
2021
2022
2088
2089
2060
2110
2114
2105
2106
2035
2041
2058
2084
2038
2113
2112
2104
2030
2036
2059
2103
2102
2031
2037
2033
2032
2256
2111
2091
2098
2097
2107
2101
2100
2099
2116
2115
2108
1977
1976
1577
1340
1800
1342
1932
1881
1930
1931
1965
1861
2045
1871
1862
1993
2009
2044
2018
1743
1758
2034
1936
1924
1744
1872
1764
1813
1814
1815
1863
1990
2017
2008
2010
2007
2024
2025
2026
1767
1831
1992
2047
2046
1949
1948
2016
2015
2134
2137
2138
1417
1419
1969
2086
2087
2090
2085
2092
2095
2117
2096
1741
1661
1376
1627
1662
1377
1731
1701
1791
1576
1787
2054
1937
1966
2042
1328
1387
1416
1581
1583
1636
1441
1440
1422
1637
1638
1763
1745
1431
1432
1334
1394
1477
1967
1389
1368
1792
1365
1483
1243
1406
1402
2082